gauss3 = [-0.589585,0.073166,0
1.855533,1.265374,2
2.332246,-0.700694,2
-0.028163,0.126258,0
2.091466,0.390458,2
-0.052425,0.636718,1
-0.108172,-0.083910,0
0.792484,0.536727,0
1.764672,-1.485768,2
-0.059533,-0.233429,0
-0.201710,-0.411805,1
1.387886,-0.344755,2
0.206276,0.985981,0
-0.237790,-0.156579,1
-1.002316,-1.406296,0
2.915076,-2.095802,2
1.603441,-1.912925,2
0.504257,-0.040801,0
-0.777049,-0.227233,0
-1.928730,-3.645632,0
2.578488,0.499465,2
2.582598,-1.111309,2
-0.574746,0.104830,1
-1.047783,-0.175472,0
2.176245,0.798865,2
0.511099,-0.563762,1
-0.249741,0.213470,0
0.028034,-0.083657,1
1.659198,-0.397727,2
-0.443657,0.806612,1
1.455930,-2.410423,1
1.475918,0.651200,2
-0.825668,0.255781,0
0.105793,0.600664,0
1.677044,-0.355573,2
0.027858,0.943105,0
0.449367,-0.078145,0
0.964170,1.196201,0
0.181979,0.263699,0
0.960285,-0.462074,2
2.472403,-1.283617,2
2.012181,0.267790,2
0.267922,-0.210430,1
2.343206,0.741986,2
1.447725,0.339239,2
0.481052,0.737568,0
-0.829144,1.731417,1
0.321488,-1.308535,0
0.808165,-1.147797,1
0.213732,-0.260446,0
0.660161,0.831071,0
-0.646935,-0.827923,0
-2.053778,3.369417,1
-0.266046,0.441239,1
0.195351,0.088818,1
0.595185,-0.597027,1
2.465349,-0.052812,2
-0.547980,0.267366,1
2.076267,1.338860,2
-0.937346,-0.617660,0
0.914949,-0.577417,2
1.671248,-0.288600,2
-1.017846,0.896056,1
1.113682,0.887563,0
-0.040509,-0.480891,0
-1.536025,1.614134,1
-0.221602,0.047206,0
0.828197,-1.180862,1
0.619663,-0.385731,1
0.871817,-0.651348,1
1.847342,1.607392,2
-0.934857,-0.269346,0
0.007775,0.795010,1
2.518582,1.517804,2
-0.077950,-0.144179,0
2.808923,-0.116309,2
-0.027263,0.324625,0
-0.772527,1.107755,1
-0.387453,-0.450236,0
-0.404255,-1.085189,0
2.234413,0.914152,2
1.322019,-1.095048,2
2.216990,0.769719,2
-0.264186,-0.829210,0
1.593540,-0.352733,2
-0.073625,-0.219207,1
-0.864893,1.247461,1
1.022519,-0.348571,0
2.131185,0.377689,2
1.312189,0.874005,2
0.133400,0.937211,0
-0.031388,-0.877598,0
0.556271,0.644743,0
2.771194,0.170359,2
-0.253678,-1.221963,1
-0.879653,-0.032348,1
0.513416,0.328074,0
-0.520258,0.754133,1
1.360683,1.660574,2
0.165743,-1.214784,1
-0.753625,1.383364,1
1.954088,-0.045573,2
-0.459996,-0.192920,1
1.924094,-0.524040,2
-1.357558,2.412085,1
2.339701,0.398157,2
2.283543,0.309784,2
1.209584,-0.349143,1
0.005474,0.046982,1
3.008191,-1.140111,2
0.053195,1.224502,0
-1.606633,-1.615232,0
-0.412100,1.095872,1
2.748267,-1.049994,2
-1.105852,-2.243000,0
2.177368,1.797935,2
-0.704423,-0.297593,0
1.716728,1.010669,2
-0.278716,0.399575,1
0.126405,-0.615135,1
-1.803970,-1.332653,0
1.011640,0.414025,2
0.500309,0.741405,0
0.701937,2.081404,0
2.488196,0.873743,2
-0.859499,0.378804,1
0.262838,-0.323891,0
-0.168792,-0.521823,1
-0.039997,0.774545,1
-0.406352,1.348698,1
-0.241866,0.737051,1
-0.733471,0.853069,1
1.659199,1.912728,2
1.187150,-1.203166,1
0.849830,-0.615898,1
1.398067,-0.154921,2
1.177992,1.418472,0
-0.892006,0.365247,1
2.167391,0.086281,2
0.826876,1.423956,0
1.814472,0.627785,2
-0.340498,0.925031,1
-0.765068,0.043024,0
0.013531,-0.666587,1
2.371771,-0.366991,2
2.299171,-1.183214,2
-0.148321,-0.820016,1
-0.455598,-0.298971,1
2.405366,-2.696721,2
0.569377,-1.414972,1
0.752110,0.307493,1
0.675035,-1.768073,1
-0.008332,-0.378585,0
-0.100941,0.889006,1
1.721824,0.012082,2
-0.318440,2.322365,1
0.077757,-0.273842,1
-0.551846,-2.635815,0
2.321587,-0.954600,2
-0.117578,-0.595358,1
0.530277,1.047918,0
2.854218,-0.292764,2
-0.542652,1.011640,0
0.439882,0.083810,1
0.603388,0.220087,0
0.112651,-0.540819,0
1.428402,0.708512,2
1.595423,0.185801,2
2.058109,-0.598952,2
0.420459,-0.031659,1
0.014579,-0.808243,0
2.456456,-0.985569,2
-0.278136,0.625780,1
2.232795,-0.182874,2
-0.361477,0.399456,1
1.751517,0.092270,2
0.927209,-0.384689,2
-0.699060,0.289022,0
1.224308,-1.771102,1
-0.055428,-0.126807,0
2.005733,-1.209191,2
2.458192,-2.484353,2
1.760513,-0.442227,2
0.026858,-0.628279,1
0.350678,0.110630,1
-0.336757,0.493964,0
-0.013277,-0.142241,1
0.497426,1.524410,0
-0.300793,0.315646,1
0.796969,-1.193298,1
0.026587,-0.016162,0
-1.380669,1.092043,1
1.848614,0.862024,2
-0.699743,0.160455,1
2.714741,0.682421,2
0.182950,0.088038,1
-0.778301,1.324646,1
-0.324421,-0.922708,0
1.706578,1.507059,2
2.320053,-0.426894,2
0.291508,-0.089940,0
-0.532647,-0.114856,1
-0.190980,-0.380002,0
-0.320020,-0.203928,0
-0.866443,1.362973,1
-0.415746,-0.509436,0
0.337732,0.689668,1
2.190979,-1.364677,2
-0.218025,0.746674,0
1.202563,-2.033015,1
-1.067793,1.592476,1
1.141999,0.472211,0
1.974762,1.362043,2
1.075331,-0.559712,1
-1.161923,-0.816354,0
1.387922,0.309711,2
-0.350459,-0.129450,0
-0.092952,0.353620,0
-0.830613,-0.562183,0
2.308435,-2.361643,1
1.641768,0.651159,2
0.154229,-0.143916,0
0.653103,-0.341041,1
-0.771236,-1.806516,0
2.161312,-0.888940,2
2.338772,0.686957,2
-0.287256,0.046925,0
0.583346,-0.652145,1
0.134405,0.756947,0
0.325020,1.112067,0
1.502797,0.722781,2
-0.910207,0.827629,1
-0.588212,1.585206,1
0.094553,0.218913,1
2.217603,-1.701816,2
1.998103,-0.084885,2
0.171517,-0.376072,0
-1.498329,-0.761942,0
2.098455,-0.723709,2
0.223514,0.759894,1
-0.117859,-0.048432,1
2.357293,-1.818446,2
-0.976003,-1.688708,0
0.384740,0.726631,0
1.386290,-0.109513,2
-0.852711,-0.085715,0
-0.243408,0.207438,0
-1.032834,-0.196969,0
0.885731,-0.669370,1
0.456599,1.314507,0
1.474083,-0.946176,2
-1.445864,-1.390735,0
1.442680,0.286654,2
0.078664,-0.490169,0
0.574436,0.733778,0
1.449655,-1.172816,2
2.154258,-0.574141,2
-0.531070,0.364715,1
0.293794,0.758154,0
0.659510,0.589400,0
-0.481982,0.055675,1
-0.801073,0.570891,1
2.578080,0.270950,2
0.378312,-0.648901,1
0.675467,0.947535,1
-0.320141,0.902696,0
-0.057142,0.332946,0
0.775483,0.314539,0
1.864683,-1.315493,2
1.722771,-1.208859,2
-0.836725,0.708942,1
0.476147,-0.777948,1
1.604647,0.124638,2
0.305032,0.852477,1
1.505183,0.224975,2
0.017023,0.864242,0
-0.284957,-0.364528,1
1.577302,-0.577381,2
-0.102035,0.240724,1
1.526135,-0.362752,2
1.533518,-0.090998,2
0.618710,1.025869,0
1.503043,0.824574,2
2.172125,-0.315534,2
2.097972,-0.262383,2
0.296090,0.446754,0
0.477585,-0.946650,1
0.185669,-0.274946,1
-0.190988,0.648043,1
-1.025872,-0.386474,0
-0.741666,-0.947866,0
0.396162,0.274879,0
1.709293,-0.213279,2
-0.247866,-0.480908,1
0.111781,-0.196689,0
1.685155,-0.732720,2
0.946970,-1.265711,1
2.119753,-0.785795,2
-0.129035,-0.159695,0
-0.037190,-0.429508,0
2.767846,0.475528,2
0.049587,-0.894900,1
-0.275460,0.152577,1
2.463934,1.180136,2
1.598324,-0.747907,2
-0.916307,1.974465,1
-0.320911,0.295663,1
1.971348,-1.592931,2
2.127598,-0.493700,2
1.697173,-0.369570,2
1.817125,-1.922988,2
-0.617548,-0.925627,0
0.834354,0.727250,0
2.497922,1.317352,2
0.602926,0.965572,0
-1.637037,-2.170612,0
-0.534400,-2.061801,0
1.729596,-0.183114,2
0.398057,-1.448835,1
0.997616,-1.179859,1
-0.236425,1.173446,1
0.423987,-0.790502,1
1.580645,-0.792622,2
1.654398,0.999711,2
-0.419629,-0.207623,0
2.497672,-0.092839,2
0.255223,0.908974,0
2.307958,-0.203036,2
0.046648,-0.635800,0
-1.148813,-1.025545,0
-0.211172,-0.976460,0
-0.143256,-0.854513,0
-0.232423,0.427174,1
-0.864843,0.788405,1
2.438949,0.676688,2
1.773060,0.739011,2
-0.334834,-0.509874,1
-0.208288,0.872011,0
2.005603,-0.320045,2
-0.149459,0.531461,0
0.869761,1.290508,0
1.866294,1.381015,2
1.990417,-0.259283,2
0.389576,0.801256,0
-1.267463,1.504158,1
1.413148,-1.388339,1
0.026034,0.093112,1
-0.374557,-0.496398,0
-0.824288,2.345411,1
0.350183,0.030244,0
-1.358157,-0.514811,0
-0.674735,-1.171986,0
-0.701323,-0.587805,0
0.256762,-0.064021,1
2.402653,-0.053894,2
-0.848775,1.202506,1
-0.494931,-0.259606,0
2.531446,0.310276,2
1.561638,0.114596,0
-1.202050,2.596759,1
2.370743,-0.720957,2
0.458616,-1.172226,1
0.523336,1.315281,0
0.158288,0.434410,1
-0.961708,-1.836999,0
-1.419139,-1.382197,0
-0.535856,0.011399,1
0.845987,0.530769,0
2.434704,2.174666,2
-1.674829,3.075888,1
-0.384611,-0.663815,0
1.277952,1.719182,0
0.178261,-1.039857,0
1.494023,-1.162994,1
1.923085,0.276532,2
0.013733,0.616225,1
-0.565494,0.653330,0
-0.525997,-0.154745,0
0.972071,-0.231194,0
0.060055,1.243143,0
0.447510,0.362469,0
1.194389,1.586568,0
