gauss2 = [-0.027967,-1.541984,0
-0.158404,0.091140,0
1.659517,2.150375,1
0.380889,3.200604,1
0.830432,2.906246,1
0.336612,0.919031,0
-0.459084,3.048990,1
-1.363127,2.786930,1
-1.171471,-1.213017,0
2.016111,2.704196,0
-1.821070,4.467491,1
-0.464119,3.733117,1
0.915514,-0.568046,0
0.589734,0.192890,0
-2.067709,0.068944,0
-0.122239,0.453970,0
1.957607,2.140439,1
-0.335030,2.411199,1
-0.311701,3.966448,1
-1.903018,4.108230,1
0.715508,3.186542,1
0.091977,-3.502666,0
0.626698,2.645326,1
-1.131580,-1.467775,0
1.347110,3.118258,1
-0.582644,2.630987,1
1.437782,3.067418,1
-0.792449,-1.857215,0
-0.265584,-0.923446,0
-0.228007,3.486463,1
0.587886,-0.698495,0
-0.085636,3.372483,1
-0.153790,3.515274,1
1.357641,2.587332,1
0.585861,-1.388860,0
-1.911510,-0.994116,0
0.663732,2.584732,1
-0.346266,2.938802,1
-0.270894,2.417043,1
-1.411532,1.933557,1
0.612012,1.148739,0
0.555386,4.482516,1
-1.239933,2.515766,1
-0.611840,1.558179,0
-0.122007,0.122353,0
0.785399,2.904979,1
-0.290573,-0.555807,0
0.261753,0.573467,0
-0.207275,-2.690646,0
2.155823,-0.957429,0
1.922665,1.016298,0
-2.675906,-0.005227,0
1.195695,2.245593,1
-0.409703,1.228974,1
0.251017,0.792016,0
-1.007423,4.188545,1
0.301502,2.524886,1
0.305983,2.370289,1
0.592248,0.577468,0
0.533791,1.189704,1
0.290703,0.409004,0
1.675126,0.514580,0
-0.176953,0.009696,0
1.096019,3.136210,1
0.631716,-0.037496,0
0.584382,2.348588,1
-0.792732,-1.041398,0
0.298365,0.977456,0
-1.245653,1.719010,1
-1.935292,3.136139,1
1.306231,0.901407,0
-1.503277,4.183602,1
-0.731448,0.819758,0
-0.579371,4.257745,1
-0.054567,1.973632,1
0.108831,4.582605,1
-1.003625,-0.124932,0
-1.353290,1.330508,0
-0.396075,2.688025,1
0.396939,3.493325,1
-0.430442,3.603342,1
-0.715920,2.851081,1
1.143601,3.941090,1
1.488546,3.619500,1
0.780674,2.339320,1
0.450624,0.927471,0
-0.126896,0.303844,0
-1.079050,-1.305037,0
0.417555,3.582068,1
-0.156370,4.559728,1
1.401935,2.637122,1
-1.032144,1.803626,0
-1.124171,1.431077,1
0.366574,-0.318641,0
-0.503562,-1.059996,0
0.140541,2.132241,1
1.300832,0.980175,0
0.452596,0.445824,0
1.296673,1.133581,0
1.461777,-1.000413,0
-0.655135,4.194682,1
-0.896267,3.325815,1
-0.638484,1.204166,0
-0.618034,1.767631,1
1.093064,1.093449,0
1.145441,3.867398,1
0.709136,3.170618,1
-0.057543,3.010740,1
0.790194,2.998048,1
-0.748945,2.201389,1
1.464809,3.115392,1
0.135415,0.255689,0
-0.327261,-0.037863,0
-1.623390,2.487960,1
1.373724,0.307841,0
0.243453,0.407064,0
-1.662359,2.042597,0
-0.535199,2.134539,0
-0.025783,0.640068,0
-0.489118,1.614707,0
-0.345829,3.531655,1
1.495927,4.358840,1
0.112099,0.018927,0
0.566288,1.113327,0
-1.028400,-1.351788,0
-0.063834,2.752890,1
0.485304,3.685527,1
0.717172,0.293105,0
0.405765,3.063036,1
-1.747267,0.958017,0
-0.600162,0.485786,0
1.168536,0.937515,0
-0.659974,-0.035084,0
-0.711163,2.204889,1
-0.058016,2.314605,1
-1.108293,3.195510,1
-1.601654,3.048449,1
0.938558,2.966397,1
0.924220,1.235065,0
-0.756587,2.410093,1
0.592321,1.537495,0
0.933296,0.528301,0
-0.036495,2.673886,1
-0.717005,0.295294,0
0.756511,1.056677,0
-0.009564,-0.100339,0
-1.009591,3.812967,1
1.118971,1.305561,0
0.057759,-0.693409,0
0.025473,0.207829,0
0.995135,2.798765,1
0.632042,-3.285364,0
0.767795,2.794237,1
1.500774,1.961419,1
-1.096499,3.908535,1
1.485673,-1.771526,0
-0.873166,-1.574487,0
-0.795196,-1.330356,0
0.402699,1.439238,0
-0.891539,-0.678591,0
0.763137,3.079454,1
-1.231297,0.694513,0
-1.194286,-0.097147,0
0.835820,4.729369,1
-0.871192,-0.387832,0
0.308542,0.681237,0
-0.537994,2.147933,1
-1.347079,-1.085256,0
-0.777816,-0.760706,0
0.564363,-0.603446,0
-0.872574,-2.394360,0
-0.391084,0.439516,0
0.884637,0.711228,0
2.315539,2.477819,1
-0.654371,-0.803209,0
1.327548,-2.622806,0
1.202978,0.133618,0
-2.352121,3.468905,1
-1.084000,2.720671,1
-0.744179,2.713051,1
-0.975613,0.533060,0
0.819247,3.619541,1
-0.567683,1.804765,1
-0.808920,1.180861,0
2.108964,3.303130,1
1.762637,1.696966,0
-1.496489,3.580438,1
0.090102,2.750017,1
0.552249,2.409934,1
-0.183330,1.386235,1
-0.151093,-0.872382,0
0.136686,2.851592,1
-2.620344,0.447769,1
-0.860749,-1.052338,0
0.732794,2.231092,1
-0.168233,1.839275,1
-0.119616,1.999145,1
1.478758,3.730406,1
-2.161114,4.458584,1
-0.158399,3.309805,1
-0.646269,-2.209198,0
1.013243,3.407345,1
1.143146,2.146552,1
0.408901,0.598252,0
-0.203421,-0.851964,0
-1.133099,3.341398,1
0.049818,2.048561,1
0.021841,-0.604107,0
-0.067290,1.314887,1
0.676759,3.256137,1
0.664414,4.174936,1
-0.661590,2.548245,1
-0.098094,3.686432,1
1.064635,3.392008,1
-0.318219,0.577585,0
-0.054756,4.150292,1
-0.402510,4.428524,1
0.614665,-1.295073,0
0.952194,-0.618554,0
-1.181973,2.764638,1
-1.210592,-2.627219,0
-0.401425,0.690857,1
-0.754181,2.860364,1
-1.374704,0.025619,0
-0.462451,3.766266,1
-0.527691,3.639955,1
-0.417234,1.900523,1
1.122020,3.395821,1
-0.708031,-1.845228,0
1.010668,1.630088,0
-1.014050,3.258564,1
-0.161050,0.367961,0
1.357369,-0.504544,0
-0.703285,0.620571,0
-0.034664,2.600750,1
-0.609249,3.509390,1
-0.100235,-0.403579,0
-0.382648,0.128113,0
1.023817,2.649526,1
1.093377,0.471706,0
1.266242,1.176827,0
1.414044,3.321474,1
0.213596,-0.466958,0
1.020528,2.472412,1
0.544497,1.195170,1
-0.698938,0.461778,0
0.942520,0.417619,0
2.195128,2.792040,1
0.714555,4.253517,1
0.563679,-0.764437,0
-0.859222,-2.268542,0
0.773501,1.880749,1
-0.271839,2.711124,1
1.655853,-0.994249,0
0.384386,3.155190,1
0.080439,4.957406,1
1.959793,5.243290,1
0.343799,1.227481,0
0.069355,-1.570886,0
1.138431,2.111164,1
-1.749206,2.239338,1
-1.802084,1.286090,0
-0.940794,0.291907,0
0.933724,1.316470,0
0.332682,0.512081,0
0.707543,2.935097,1
-0.079060,2.836022,1
0.050894,0.168711,0
-0.444834,-0.531494,0
1.271717,4.025752,1
-0.155420,-0.431880,0
-0.117642,3.522077,1
1.554511,2.779844,1
0.096243,0.558850,0
0.020369,0.887146,0
-0.252864,1.269131,0
-1.027876,0.116721,0
-1.349799,-0.802201,0
-2.863911,4.066501,1
-0.964568,0.465178,0
-3.046144,3.185652,1
-0.325426,-0.784178,0
0.093374,-0.048225,0
-0.083254,2.688209,1
-0.394412,-1.218141,0
-0.673659,3.603346,1
0.692462,0.153137,0
1.276880,3.559123,1
0.635474,1.334057,0
-1.240362,0.267342,0
-1.221413,-0.287195,0
0.105345,-1.401344,0
0.434367,2.850698,1
0.991991,3.577261,1
-2.140333,3.352145,1
0.485832,2.512339,1
-0.060942,2.334387,1
-0.142225,2.848847,1
0.318720,1.881223,1
-1.310169,0.233899,0
0.483345,3.508990,1
0.087815,0.908434,0
-1.864150,0.563124,0
-0.854869,3.035740,1
0.479736,1.454084,0
-0.356285,3.849046,1
0.135438,3.759928,1
-1.478416,3.219832,1
-1.205390,3.208092,1
-0.040419,0.179111,0
-0.679039,3.636459,1
0.012528,-0.932425,0
0.464060,-1.473811,0
-0.865799,0.071597,0
-0.808283,3.081152,1
0.146932,2.770989,1
1.678818,4.238089,1
-0.662686,1.006777,1
0.630318,0.710058,0
0.213067,1.931012,0
-2.238459,2.139182,1
1.471347,-0.788306,0
-2.127178,2.754305,1
0.650783,4.482731,1
1.339045,0.548767,0
1.924698,0.613365,0
0.046881,0.438345,0
2.094885,0.035546,0
-2.320371,-1.830493,0
-1.003242,-1.365600,0
-0.757692,-0.380021,0
-0.695835,-1.648962,0
-0.363630,0.845503,0
-0.330397,-1.109295,0
0.135940,-0.293399,0
0.568958,2.327712,1
-1.376659,4.220480,1
-0.171469,5.810466,1
-0.064609,2.428482,1
-0.537699,4.438827,1
-0.690012,3.318715,1
0.166078,0.369367,0
2.336025,3.598986,1
-2.266011,0.651222,0
0.320245,-0.579456,0
0.241509,4.198219,1
0.910920,2.836288,1
0.604778,0.376297,0
0.445352,2.774253,1
-0.078785,2.181327,1
0.578182,-1.387326,0
-0.142687,2.789191,1
-0.631297,-0.638952,0
0.808904,2.810919,1
-0.046339,4.382391,1
0.969853,1.937818,1
-0.970468,-0.111370,0
0.670527,1.161141,0
2.401620,4.647075,1
-1.039018,3.198349,1
0.448170,3.087634,1
0.873401,0.078008,0
0.398645,2.324234,1
-1.141648,-0.204481,0
0.492587,2.960243,1
0.721367,3.948906,1
0.396445,0.028959,0
0.377076,3.167858,1
0.092910,-0.847773,0
-1.715338,-0.191137,0
1.541557,3.299563,1
0.150994,2.915490,1
0.742904,0.011950,0
1.491221,2.480285,1
0.315529,4.285833,1
-1.475775,2.002832,1
0.519441,3.635619,1
0.505276,-0.058834,0
0.101970,3.552008,1
0.599190,1.279218,0
-1.139984,-1.200221,0
-1.107391,1.048554,0
0.763504,-0.748564,0
0.358376,-1.297705,0
-1.542265,2.575970,1
